# Cameras (55)
# PhotoID, X, Y, Z, Omega, Phi, Kappa, r11, r12, r13, r21, r22, r23, r31, r32, r33
DJI_0596.JPG	2529649.5914543997496367	1155102.0051947378087789	481.1220810460037001	21.1289627551417318	53.8235944385484615	64.5200392904917095	0.2539328570417035	0.9672206884810324	0.0014979615869690	-0.5328608500674765	0.1386037536845549	0.8347744090051621	0.8072034555054907	-0.2127748557485804	0.5505900854366760	DJIMINI
DJI_0597.JPG	2529650.9226347468793392	1155108.6193911649752408	481.1372582918813237	20.9290314691600017	53.7555578997663446	64.8182425537007703	0.2515637533285907	0.9678368403028031	0.0027438228657524	-0.5350423039943110	0.1367066675809609	0.8336912018099791	0.8065019596676074	-0.2111945491521863	0.5522240953278966	DJIMINI
DJI_0598.JPG	2529651.9487513415515423	1155112.7398411668837070	481.1189041224893685	20.7012521681768966	53.7351319592852548	65.0404521801974482	0.2496081280658745	0.9683444097162979	0.0022105598036435	-0.5362745461744935	0.1363328745323709	0.8329603582686766	0.8062911344724010	-0.2090991427360152	0.5533282524670803	DJIMINI
DJI_0599.JPG	2529650.6491716746240854	1155119.4913505911827087	481.1372787681234513	-32.9812066746611663	48.7958426937332845	130.8593459615211998	-0.4309532152186545	0.9023735120097085	0.0011709466122803	-0.4982198843419765	-0.2390200829876403	0.8334544659277129	0.7523671132758075	0.3585964929441532	0.5525869000520933	DJIMINI
DJI_0600.JPG	2529647.7517781183123589	1155123.8833770819474012	481.0846089622083923	-47.3691754182518778	35.0279206117072945	152.3452315369474661	-0.7253247094038803	0.6884010335299038	0.0028430552469110	-0.3800738586451740	-0.4038964062011142	0.8321127057270503	0.5739755464327252	0.6024713354947145	0.5545992805661312	DJIMINI
DJI_0601.JPG	2529641.9319972861558199	1155125.7807722040452063	481.0725829980834192	-48.8946543204200310	32.8538930603268682	154.9019064598382442	-0.7607409890653173	0.6490468024768606	0.0033757592458732	-0.3563262523235407	-0.4219821540085815	0.8336442068432661	0.5424986170129685	0.6329844468016897	0.5522915359175586	DJIMINI
DJI_0602.JPG	2529637.9168531987816095	1155129.1830691816285253	481.0215563320920182	-52.1670193161846782	25.8691210263990961	161.6330013676618194	-0.8539554965637938	0.5203208743591053	0.0051183585904852	-0.2835269958741041	-0.4735301325376081	0.8338954707812732	0.4363169175027373	0.7106584279983539	0.5518986738666967	DJIMINI
DJI_0603.JPG	2529632.3509353864938021	1155133.1741452878341079	490.8359575101407586	-42.2343191062431416	12.1838381566141312	166.7478028387685072	-0.9514457515889141	0.3078100715040384	-0.0019853624569900	-0.2240742446929223	-0.6881659745711107	0.6900857369254124	0.2110490811368369	0.6570240112227803	0.7237249021748698	DJIMINI
DJI_0604.JPG	2529629.8455300070345402	1155134.2645457698963583	490.8320947167686086	-42.2304942127600427	12.3003612394741566	167.0200691181627519	-0.9520795778647230	0.3058380692577786	0.0027482368176240	-0.2194536564416342	-0.6893669271306566	0.6903718798248036	0.2130365463654743	0.6566858572948793	0.7234494555541258	DJIMINI
DJI_0605.JPG	2529621.5124062113463879	1155136.8820162373594940	490.8920164226262841	-43.0976141499220731	7.9993686670754407	171.6124286531770053	-0.9796776767127757	0.2005764256190258	0.0008644284549655	-0.1444490734014390	-0.7085111966644360	0.6907578080590870	0.1391621893479830	0.6765951386811941	0.7230856819000443	DJIMINI
DJI_0606.JPG	2529615.6562317553907633	1155138.1830341895110905	489.6152552758964021	-43.7770216449290714	-0.0225795371222361	-179.9808915502598552	-0.9999998667347056	-0.0005134541527586	-0.0000538089600228	0.0003335053308376	-0.7220376215649061	0.6918537141759722	-0.0003940872561587	0.6918536040303079	0.7220376965820473	DJIMINI
DJI_0607.JPG	2529615.9552186001092196	1155138.1806469641160220	485.8068703594384488	-43.9753494292324163	-0.0502624904254568	-179.7263267527085304	-0.9999882077733814	-0.0040464478154422	0.0026852512466108	0.0047764792393916	-0.7196274804748921	0.6943439166518525	-0.0008772458356607	0.6943485548378677	0.7196383222385455	DJIMINI
DJI_0608.JPG	2529615.6011082082986832	1155134.2357496838085353	483.5071357503213108	-52.8616625502502444	-0.2147862567184740	-179.7531080629288738	-0.9999836895362381	-0.0055899370454342	0.0011718640368016	0.0043090335857590	-0.6037230454286647	0.7971824864156857	-0.0037487185876600	0.7971745336011226	0.6037372856522807	DJIMINI
DJI_0609.JPG	2529609.9359431248158216	1155134.2435242997016758	483.4588131335872845	-51.1198251540794004	-14.7296067527844166	-168.3228194241845870	-0.9471201553728523	-0.3208766276261285	0.0012653575727744	0.1957457967813964	-0.5746422650118092	0.7946507725438353	-0.2542577320926945	0.7528774515851706	0.6070655224649963	DJIMINI
DJI_0610.JPG	2529605.1377627514302731	1155139.0607625369448215	481.5936417364076192	-53.2734914081620730	-21.9328635015920312	-164.3042887662865326	-0.8930329881494169	-0.4499876276960375	0.0017935990121633	0.2509481257874153	-0.4947082914671487	0.8320389080550491	-0.3735199060836082	0.7434882926274948	0.5547143755890462	DJIMINI
DJI_0611.JPG	2529601.2345163859426975	1155137.5582548633683473	481.5991365230127599	-51.0158683170486924	-28.1679113199753068	-159.1259795742770393	-0.8237072532385286	-0.5670150784230424	-0.0005116670304279	0.3141153323998257	-0.4570687000636792	0.8321176367398094	-0.4720571140376826	0.6852606104709436	0.5545989333053248	DJIMINI
DJI_0612.JPG	2529596.1397477164864540	1155134.5619678883813322	481.6272221698247904	-44.2427096612439499	-39.1626035483730348	-147.0726017537387236	-0.6508035420700704	-0.7592460147204565	-0.0004886308985134	0.4214652826918401	-0.3618029092991846	0.8315441481413564	-0.6315233686210973	0.5409659360382599	0.5554584511299752	DJIMINI
DJI_0613.JPG	2529593.0000942032784224	1155130.8316868247929960	481.5329641109454997	-35.6726098566571110	-46.9472260281612961	-134.4369745813585837	-0.4779550255537989	-0.8783839621642626	0.0007801028644120	0.4874419464931530	-0.2644927381575838	0.8321321651401716	-0.7307252167174977	0.3981020051124031	0.5545768217106177	DJIMINI
DJI_0614.JPG	2529589.9718840979039669	1155126.2163140953052789	481.4433019823828772	-33.9867080545951197	-48.2058016244440282	-132.0646491859076832	-0.4465053184702978	-0.8947805898462067	0.0008346329807187	0.4947705621944924	-0.2461185129165945	0.8334433204396507	-0.7455434872383259	0.3725498270489455	0.5526043204701868	DJIMINI
DJI_0615.JPG	2529588.4853495825082064	1155122.0387228003237396	481.3780339399433501	-16.9130220894654464	-54.9400906089838728	-110.1615273461085138	-0.1979885191926729	-0.9801992207528663	0.0031676337172222	0.5392340916352787	-0.1062190412894743	0.8354304936293748	-0.8185518558320957	0.1671137424122236	0.5495869871192486	DJIMINI
DJI_0616.JPG	2529586.9618556760251522	1155114.9356248194817454	481.3847308706276067	-3.0387575942701464	-56.5699172443025375	-93.2544649766746403	-0.0312759967377749	-0.9994950189038898	0.0056141975715020	0.5500305004651754	-0.0125209353512213	0.8350507018953756	-0.8345587220717827	0.0292050229283199	0.5501443501933548	DJIMINI
DJI_0617.JPG	2529582.5655759684741497	1155115.8203809414990246	478.4336173596477693	1.4079947339041412	-65.4490797688935686	-88.2810049364134244	0.0124640658661149	-0.9999186298342755	0.0027167577056400	0.4153147964884695	0.0076484200308196	0.9096456021378730	-0.9095923630285307	-0.0102095730262418	0.4153763326656868	DJIMINI
DJI_0618.JPG	2529582.9446842744946480	1155120.8949703657999635	478.4558091485650948	-16.4506401707521874	-64.1034160695256077	-107.8460118040277962	-0.1338457612104831	-0.9909887296296289	0.0051623592514445	0.4157334033158273	-0.0514199263836344	0.9080317882861492	-0.8995838202043355	0.1236823710872176	0.4188694564047581	DJIMINI
DJI_0619.JPG	2529583.4056404400616884	1155122.6017568039242178	478.5021808552676248	-30.2414915237881097	-60.9104903688061725	-123.3787104612151069	-0.2674793563524679	-0.9635494187490117	0.0052260457050679	0.4059819032151231	-0.1077776823817224	0.9075035346720424	-0.8738612522518070	0.2448601413233004	0.4200119319781729	DJIMINI
DJI_0620.JPG	2529584.8423119653016329	1155108.5388311655260623	478.4623212705284914	25.1391995740782512	-62.3063756971032205	-61.6204046480006653	0.2208976654698229	-0.9752701639351042	0.0072338598256689	0.4088896670579638	0.0993417511361290	0.9071606564740532	-0.8854453464574815	-0.1974318206855293	0.4207222535326453	DJIMINI
DJI_0621.JPG	2529584.7220318987965584	1155097.6166122891008854	478.4146449947813835	55.9096361796379000	-41.5082340783615464	-23.8214987834200436	0.6850637014576202	-0.7284636592043235	0.0053312441167294	0.3024562010610339	0.2910791250904987	0.9076305357227012	-0.6627276751312808	-0.6201722665156816	0.4197360938255017	DJIMINI
DJI_0622.JPG	2529589.9185724072158337	1155092.5294115503784269	478.4162762758044778	56.2050492785094136	-40.3608216647180029	-23.1650410977714785	0.7005469696416133	-0.7135936110674801	0.0042545939438222	0.2997489900674644	0.2996688340575959	0.9057312696645161	-0.6475990165831688	-0.6332319860353199	0.4238310578311561	DJIMINI
DJI_0623.JPG	2529597.4723063167184591	1155085.3296396243385971	478.4195132402541049	56.7288679969880221	-39.3126436119736269	-22.2882746338045621	0.7158952148281614	-0.6981932277209271	0.0045009055504949	0.2934388912730869	0.3067156531900633	0.9054386368918739	-0.6335516225806408	-0.6468784467369635	0.4244533150684662	DJIMINI
DJI_0624.JPG	2529602.1714597027748823	1155080.8637201725505292	478.3964758731563052	56.6343158024391897	-39.1984116520113943	-22.4150834211117100	0.7164102839467180	-0.6976733439474025	0.0028653447667608	0.2955036736877567	0.3071550811938338	0.9046177838920972	-0.6320078194867707	-0.6472307635164287	0.4262140951042308	DJIMINI
DJI_0625.JPG	2529609.3216957282274961	1155077.2463930565863848	478.3173222433026694	61.0592732306844681	-27.6735961308185345	-14.1604604828067799	0.8586980280875154	-0.5124676262950149	0.0038247298160310	0.2166535899474436	0.3697710508026203	0.9035101504417155	-0.4644339764934272	-0.7750137430961335	0.4285496231367180	DJIMINI
DJI_0626.JPG	2529613.0688170082867146	1155069.8226963123306632	477.6113049918050137	63.9462682941662166	-14.2510450572914191	-6.5713591564803222	0.9628586951833481	-0.2699666159058286	0.0045999354533415	0.1109188258154431	0.4110190604961571	0.9048537705002838	-0.2461709714599661	-0.8707361013563245	0.4256976563304584	DJIMINI
DJI_0627.JPG	2529620.9585013817995787	1155067.9478398463688791	477.6140709230602965	64.2172905879303499	-10.2174628043345272	-4.5670549260948032	0.9810167709981120	-0.1938528800492380	0.0052111339508789	0.0783630252166782	0.4208600027838695	0.9037345264709388	-0.1773846986053991	-0.8861703667768273	0.4280616191009127	DJIMINI
DJI_0628.JPG	2529620.9369070641696453	1155067.7646835050545633	477.6798697990240612	68.4733295244071059	13.4686935318041652	5.3962037342179592	0.9681874141846655	0.2502146765288839	0.0023972200477136	-0.0914559341145401	0.3449321799114403	0.9341614439575094	0.2329140251887978	-0.9046625928549761	0.3568426123086533	DJIMINI
DJI_0629.JPG	2529630.5467649828642607	1155064.9957506111823022	477.6832264337098763	68.6338485858747873	11.3497994120013672	4.6253753915866724	0.9772509295996550	0.2120552389629783	0.0036326608655974	-0.0790633691414705	0.3483609882674852	0.9340201312141514	0.1967983847916696	-0.9130592519008036	0.3572019012571673	DJIMINI
DJI_0630.JPG	2529636.0900272317230701	1155066.7542903900612146	477.5710515641840175	66.4959214585741023	27.0977722569927906	11.4540620226422671	0.8725008959067916	0.4885956428303920	0.0040601045556060	-0.1767839319302593	0.3079204218446281	0.9348435458526221	0.4555102941242094	-0.8163695925364827	0.3550367027909845	DJIMINI
DJI_0631.JPG	2529642.2936865240335464	1155072.1246873673517257	477.5838144004584933	59.1436328286972213	46.3889315550208536	23.5262236924496975	0.6324248817368927	0.7746186101124012	0.0021858242402968	-0.2753304125175697	0.2221497570897125	0.9353302354611909	0.7240386266650296	-0.5921279374362555	0.3537690953213747	DJIMINI
DJI_0632.JPG	2529648.4407553002238274	1155079.5614482634700835	477.5500185487224485	55.2496381093574414	51.9020840721047989	28.9629511728611426	0.5398400135051534	0.8417502581796341	0.0054094984309958	-0.2987820399294595	0.1856021705845710	0.9360988873457157	0.7869574654543579	-0.5069598969630782	0.3516953375250213	DJIMINI
DJI_0633.JPG	2529652.5735785979777575	1155087.1036540798377246	477.6022189430188973	45.5622336155402721	59.6671038878315301	40.7161534193136134	0.3827826085126308	0.9238060514504133	0.0077365317722315	-0.3294327897879168	0.1286683678815653	0.9353707757457707	0.8631057360676135	-0.3605923327114579	0.3535840182430374	DJIMINI
DJI_0634.JPG	2529650.0272206421941519	1155089.1042214380577207	482.3897398571373287	43.6205039980118201	37.9025409796659858	33.2519670848834963	0.6598624590419330	0.7513594126015621	0.0063693203851733	-0.4326571786003865	0.3730125084734352	0.8207736803333233	0.6143201941599238	-0.5443534712090952	0.5712179946657161	DJIMINI
DJI_0635.JPG	2529652.3177999518811703	1155095.3047559710685164	482.4642869737871820	25.6058073236878023	50.7928131013632012	58.6441276666972584	0.3289283504248221	0.9443391263816642	0.0054547842781140	-0.5398055723508548	0.1832770923739737	0.8215956739600737	0.7748652039843908	-0.2731906327011546	0.5700445542749896	DJIMINI
DJI_0636.JPG	2529653.5831183455884457	1155097.9692433651071042	482.4220324645949063	25.7890760436026234	50.8502454051858663	58.5658769699063981	0.3292600388267530	0.9442129273420192	0.0070551167261665	-0.5386928484954548	0.1817026170814028	0.8226750111226319	0.7754984473302696	-0.2746745470297237	0.5684681621712491	DJIMINI
DJI_0637.JPG	2529651.5752284172922373	1155098.7365218098275363	492.5149418262952281	14.2544304679549718	40.8507602598998929	69.3713026064785510	0.2664932105582608	0.9638106984350268	0.0070926940253139	-0.7079169012996553	0.1907341654972708	0.6800545117608980	0.6540909948781171	-0.1862509481700589	0.7331272432020992	DJIMINI
DJI_0638.JPG	2529640.2545915208756924	1155087.1511557148769498	492.4834185518744789	37.6599457467329444	21.7822359913010750	26.2237816249249107	0.8330247063817428	0.5531982344193668	0.0064460835324061	-0.4103285386107660	0.6099875274846056	0.6778980061298094	0.3710799495515280	-0.5673507995486684	0.7351277040707435	DJIMINI
DJI_0639.JPG	2529630.2321353387087584	1155084.6039213282056153	492.4303589713202314	42.6354255811078531	5.1521808930976452	6.1630325255345202	0.9902034836610136	0.1394546082701818	0.0070337172109137	-0.1069241441459179	0.7248964680451028	0.6805088816572480	0.0898013827524718	-0.6745943394722089	0.7327060725883187	DJIMINI
DJI_0640.JPG	2529616.5643664915114641	1155086.5985012769233435	492.2920830064040842	41.7143572243839174	-11.1570598605526907	-12.0622560592673373	0.9594388413347766	-0.2819082861338422	0.0021972590336607	0.2050248744102512	0.7030831447525582	0.6809103409685555	-0.1934991230244776	-0.6528413358343156	0.7323634887232052	DJIMINI
DJI_0641.JPG	2529603.8468418810516596	1155093.6507758921943605	492.3067345141562328	33.0274303126631139	-28.8512774143460646	-36.4639298311302298	0.7044061182058503	-0.7097957147741685	0.0014366357899004	0.5205471639323358	0.5179684182179258	0.6787778486742346	-0.4825377402402510	-0.4773874328226995	0.7343422691271317	DJIMINI
DJI_0642.JPG	2529598.4628013055771589	1155099.8381569965276867	492.2096253246497781	32.9662333706412838	-28.9437834349022509	-36.5742769965783552	0.7027757004146463	-0.7114091128494227	0.0018409403848401	0.5214379260649324	0.5168668404655886	0.6789338395515591	-0.4839512415190244	-0.4761782684897721	0.7341971482172058	DJIMINI
DJI_0643.JPG	2529596.7545474488288164	1155098.3528337588068098	484.0401559195146319	46.7754664985124293	-36.6135207621827306	-29.0718917816393159	0.7015480759883254	-0.7126161043695165	0.0029299949306270	0.3900259856308838	0.3874028811430329	0.8353434851692654	-0.5964143086896361	-0.5848908406491691	0.5497205443813896	DJIMINI
DJI_0644.JPG	2529593.3025289196521044	1155102.8357927356846631	480.4733525237945173	47.2721526887522074	-50.5298145260299307	-35.4160582601235916	0.5180544486529748	-0.8553468450429946	0.0011674355905323	0.3683807014030749	0.2243470261963112	0.9021995736369257	-0.7719554696124907	-0.4669584419537431	0.4313172456829099	DJIMINI
DJI_0645.JPG	2529594.5430018343031406	1155102.8775131774600595	468.5401820989699218	79.9174803409455592	-58.3807949712899443	-8.5824917063369792	0.5184005924082117	-0.8551377639434096	0.0004800715371439	0.0782386911947054	0.0479887928494206	0.9957789829881905	-0.8515512509479127	-0.5161748545199785	0.0917822780841937	DJIMINI
DJI_0646.JPG	2529592.2483309786766768	1155108.1051910743117332	468.5451778935673133	76.1561139589630471	-67.9592341054972877	-12.6968873962413458	0.3660896118803750	-0.9305749006196967	0.0029581091796628	0.0824809595103905	0.0356140803691713	0.9959560876854480	-0.9269170876575324	-0.3643651899071874	0.0897926555592249	DJIMINI
DJI_0647.JPG	2529590.8835380654782057	1155111.8887067525647581	467.4541925401846356	98.7898797785019696	-66.8122425259463455	8.2622931185633721	0.3896586555595634	-0.9209544417412354	0.0030080532912528	-0.0565831798301710	-0.0206802152121113	0.9981836867326009	-0.9192194927805979	-0.3891211185940320	-0.0601687556486733	DJIMINI
DJI_0648.JPG	2529590.9221886023879051	1155113.9491519315633923	467.4354944533886851	-141.5850884358042379	-85.5438684658594610	128.6571209948646981	-0.0485333258264277	-0.9988177840707673	0.0027478188055300	-0.0606724906099969	0.0056940813352827	0.9981414861235490	-0.9969771136627990	0.0482764089562322	-0.0608771153298587	DJIMINI
DJI_0649.JPG	2529590.8572052903473377	1155116.1342532727867365	467.4441941461466286	-141.1198251811014188	-85.5133111807336519	129.0815965832521215	-0.0493166807886190	-0.9987811665690273	0.0020115424447578	-0.0607240029950579	0.0050086159969281	0.9981420285841345	-0.9969355347545046	0.0491029028959483	-0.0608969988664587	DJIMINI
DJI_0650.JPG	2529598.6065456680953503	1155103.2621178706176579	467.4812933858193560	95.1633998473498366	-46.3284460864394489	3.8460462719783539	0.6889682502978219	-0.7247891482911673	0.0018548856898868	-0.0463173887606572	-0.0414740108580067	0.9980654316835866	-0.7233100646195598	-0.6877213076113863	-0.0621446174445820	DJIMINI
